2021-09-25, 205.0, 60.0, 15.0, 39.92
2021-09-25, 185.0, 50.0, 14.0, 24.09
2021-09-25, 105.0, 70.0, 14.0, 10.4
2021-09-25, 275.0, 75.0, 16.0, 109.17
2021-09-25, 295.0, 70.0, 18.0, 127.02
2021-09-25, 295.0, 65.0, 20.0, 124.35
2021-09-25, 185.0, 50.0, 14.0, 24.09
2021-09-25, 185.0, 50.0, 14.0, 24.09
2021-09-25, 205.0, 60.0, 15.0, 39.92
2021-09-25, 205.0, 60.0, 15.0, 39.92
2021-09-25, 185.0, 50.0, 14.0, 24.09
2021-09-25, 185.0, 50.0, 14.0, 24.09
2021-09-25, 185.0, 50.0, 14.0, 24.09
1234567890
2021-09-25, 205.0, 60.0, 15.0, 39.92
Phone number: 0987654321
